000890003805000010007010500060030075000008300000600004000000000290300000408206000
034000002006000000000000300000706000060003080013020900000800164000570003409000700
200600900000584000000030006085000060109807050000000000006400090000060003072009000
002000080000720000564000900000004001003900000025013000300500007000000309007200060
400006080006050000008100420000302007097000000135080900000501004010000000000200300
600097100970400000001800000050008790020000003000903800304700000000500001000300084
070090001000100058004003000168000000000000400000005080000000000040007536032960000
600970510051000200000600000078106000000030000002000100086000009300460000500009000
150030070047006010600020800501600000000400290000000001005100000000070000006800003
000006000009405007305000201000060004400700002002010009200003000560000000001207000
070000650001000009003402000008920300900060200304805000000003000000690000000000764
007002840100000200300000001060040000080020750729000000900410003000000005810000000
038000020500000080090130000000690530000020008300001700070060100000000046051300000
002705080000060004410009000000300009086000000034980000000000050047000098020050047
070010090035670004200000000348500000000090000000000180016000830000000600002008400
203008600009074002760000000600047800000000500900000410000300000070000080006010003
000004967030000050894000000000001300001060002350002000076040080100050000500000030
000001000000003009120705000090010702600000010700560040060080200900000000000000305
504760000001000206000000000050400820102030060000000000010008009700003005900507030
050084063000007000000090014400600090000000548000008300020160000001005000900000007
000009730000040200090080006700000000009700001023098040806030012000050000000100000
030000000005046000008210090000004000000350000156820043000000780402680030080030000
002000800005940021800000000000000000010600900400000510087500409000020000090030072
002600100005000040400093000000050001000000360700009208060410000000020710070035004
600024300000000000010509200400300510070106008100050000500000400980000006002000803
000100500000000047701080000070023000090406032000000000080000000049075600060000895
000740000007000650200030004030806019680000000090000070000290080000310000040000000
000010070080300000920800005000007000010000039050030200030100400000403010100020006
200000003010000020003500089000409008800070400006030000000090001000042600000008050
000000000001064750000210800030800900010000020840009100300005000000000089060700510
000400000520080000004901000080276040006009300000004700005008060200000000800000902
709000000000000430003007005804026900200400000000710200000000000900000500006350004
800000094000092500032000000000000009400060730670009001000070000050000182000100005
000000080300001000005007023500000800008160900974830000000090010680400007090000500
060000002090501030100006980700003006000040003001900700007208000200009000000000007
890001003000006508000030000100003400009000012056000000000504081000070005005000090
000008003050000700000007140160004802000000006700090004003006000400900307008000000
000000005082009000093504000000000269927400000000300740004008000700630008800000900
000210000000800006006070031357000080060094000100000065090060003001400000700002009
080010006001004000040050000000005000000460007096002008020700060000001405000080301
200000800090000003000679100000500000305000000910000026058100000600800030003026000
300000005060030800800070203050900008007008600090316000000000000030600520076050000
700000020056000080030609000000030060000000471400000200009014008004807000800006000
004060070075080030000100800000600004090004010000530000600050008000709000720000000
508640300200500000100000000070006140006000800000409000700300950004900000630070002
305000000009008000070030000020084300930050000000070020007400108200900000500000006
000000200642080000008006030050002000203000000000500806590400007700000000000007659
000300065007900000003010000001070008009100030700509401000020003040000800060040000
000010003040000805681000020350460000008090000000508300900004500005001006000200009
380000000016000094000000000000002650700059000803400000000305460908006010000000900
040700030100050006073060100694800070000007000000003580000006000802000009030000010
800000020206040300030150000607500004000007000950080000090005100020094050000000008
010300570020000000300005060000080000850100030061700040070504026900006300000000000
003000018000027000600000540700300000004008009028050000500602900200030000000900306
000000000400010090070206001000053000000000400002800370914000600000000009306700800
706900008102030000000700502000090205840020007000000640000040000009000001000608000
800502001000800020000070003070300000384000000006400200000004300003008065012007004
000000238600070100000024000810300000000090604500002001007060050030000000000000706
000600071030940005002100000025319000007002000001000803000470608000000090000000040
000010006400900000209070040040600000000209005008051000001006050080000070020040800
000260017006074000009000004000627000300080160040000000000000402008010000000300070
056009400000000008073150000740095000010004206000080000000000001080000020200000890
306000150000000700009807000500000200040100005000060009000006400430000001200080000
000001609000605100300000048407080900000400050230060000170000020002000006900000004
000090700000200006040007002020000030830000000006070200460080095002000001901005000
004050100000020470300007000060000000801000009000381006070600004040900200000000700
000000200615804000820010000200146008000000400000007050009000040060095000030000070
008007000000608020040001000806010040000400007030000089009060034001003006000200010
375800000908004203000000000063000800500000040000160090000020009700008000002703000
080070090700000400030001075000000604050100200860305000006087500000506000000000001
000000157009010000080007009000508200060100708000690000500000020000000400820009006
900031000001065030800200050100400009600000003004000700000050000050709800040006000
700004600200006008040050090004500002000400070000000401000000760082000050570090000
700000003050342900600000201930000067000400100000008000090000030000007000200560000
008000000120804000600079030000300009589000600000000000300600145000430807001000000
370000000000600071000804000021000760060090000485100200000000809040009000800250000
026973000000008020305006000950000400001030000000400290000000700060000001070000850
000005036000190070000020004063000081090600000100007003200000018500030000610702000
070041000006000007100900082000016000000000050900200300000800000004705800060090704
000920000000003501702000000000400000000000160034058070450060000900000000000200380
010020000500000000600130002050907400107000009030600000020040000000009071000305040
000700000062000003003050000050800304000102057600003280090010000807400000000000001
000790000020000000001000608030080052000004000905200000480001006002007000300000025
000016003600000000080053700039000401500000080002300009010000500900080000400005002
000050040090000000700002308030009000680700900020000006000047000310005800000090600
704003100900070600000000004070008002000000005609500040080067000000000000005921700
800009064009005000000300908090000400000090821010020000035000000004203000000706002
300010067000004090005309000403000800000062000701000000004020000080000910002000300
890000500045000902700400080900501700010200060003000000204000600060300000070090005
030045010004300000080007090090000201003000007100000000709060080020000704000004006
003000650000530209000060103020400000000078020910000400600307000500621000090000000
030600074000970600000020000070504030002000009400000100080009400000000008040710300
000000120056090007400010500003100700080609000005000080090563000500000000037000400
000907050080000000004008009500830000000001002001000740008000970000405003205090000
002007009000020040570300081019500604630000000000000500000002000708050000400600000
000003000012000000060080901000406000000050000250007040081700060006090037009800000
601000020200000503050000000042109000300560900000030002006007004004080010009000005
900000080000000004670204500006040090005009003090708000400000030002100000500026000
300580041008100036000000500600000000004600200100295000009048005000000020700000003
006200009070060000300007080010000007060040000005800210023000000100503600700000800
000610850008500300600000000400000100000097080800020705000900040037000000901002000
800007000000902000230000081007060508000800000540000000004300010006050400000020000
007000080500800000000310600030008700000100405005000023004609000900000000200000130
000867000400000300000010209002001700503000000007050940000100420080700100000085000
070000090400090607005800000000210409208000001004080070020070100000005000300000704
720000040000800000000092001001000006000056300000070090007020000068400000200600834
903004000060009002100000005009403000040020100380000704200000910008300600000800000
000049070800006300590000060209400000040900087000200010470050600005000000006002000
310620005500300000600094003000000009000701000004900360007000000000030086400100900
290000000040060002600040035000000900100020056080700000008570000000000400710600000
090002405040000000000910000008060001009300000070000003502001008001200009000000500
000016080600005000001000070060001020402050000019720043006000800095000004070200000
100800200005310700000000063009050080004001000070000000010500000007200400590000007
091037080600008400000000000000400000067850000200000010010000035083040097000000100
000000638700906000080250000200040089000000000000000547060300000019004003005090070
005000800040700006000402090000000019050069000031005060008000000004300007000570030
090010300002003480007900050000008000930400001000000605200000004700005000000600570
005000080600008201207000000000000005090060700103907006000002503700089000000100000
700006805003000040008000100060107000000048207200900000040051700000000000830000460
500009000000308000009007008000000001004900607300060080206000400000000503095700000
500090078000003600000008001080000000902600000006500007007800004400200000609007020
760000050000025000500000301007400690000051000020009700030900107900070008008000200
100006003090032000000000009060000105002070000005098400004000050750080000900400000
000070002001400503090005000038004170104700020000000800076000030002050010500003000
600010000000000020090200560309000800080400070002007090000060050000020003501090000
000000000090010726070020038000000000080000670200140003106470000030000000020360901
000090103800060000300080057002000300103000060650204000008900000200600400040000000
007260000590078100806000070000605900000000510705004300900100000400802009603000000
006007590100620000000000600000000000050030002097045130040000000001380070900502000
206000007095070040000130000079008000003200000000410000700000031000800600050020004
000602084006000590000700000700030010200008060004000200001005609500003000400000000
010000006003000040020100500087009060400003008091500000000090200070020430000004000
032008040000020590040000000000003000700900300003000064007001000860700000900005008
003000907900020380000700020600002800000000000005104090280000000006210070040000065
000002890600007050420000100000050009204000000089300040100089030060400000005000007
000000000900800006612030004000007090001000040000902050400010000070006000060000537
300700006260010500009680000000070400000900350870203000000000000001000008000000731
083600010000000080001502000076090003000001070000000008030070240050100000860300050
080700002600030090000600300460250803050090020320000000900000000001040050000000034
700046002400000070083000040006000000090010000000905000200000000000301208310084005
840030007000000410060700003310020040900080002008009000004000805030070000000003200
001000020900100080008200603000060130500001004009000000000037000006900000040080900
006000010005107030030000800020000590010500003000398004500421000000000000004605002
500000070020074009003050040104009000802100005000000000007000501000300000300091006
057200398010700000200000000070300009005640003040000050108000000006837000020000006
000094300040060100068000000000040800420500010030000050090000000080002605006010002
600000000800054002200000890000089004700000010000005308001000700000300006520160000
400200060000095400000830091800060000050700008301000000280000000100020005000403000
875604000000000000200000086008402000000010090600750002009000003000009005040000210
610030070000000090305870060070000000038000419000004200000021005020080700000009000
608009000900000610000050004000023008270140000009060000507000009004000800000000567
040200830200003000008071200007000500930000020000060040000400008000080970000015000
000900005690047008000000062020106000000000070008290000000000087801003600000004000
003070009600000700008601000805790630700100000020000508000000093000050000090000100
005700010040000250000000008060900004704000802002580000000007600130006000000300005
020004300007009400054700960800001090000040001009602000000070600000000050508200000
100600042000009050090230001208001060000050080430000007050000090742000005000000000
030040050007300000510000280901000000000000801800790000080450030052900070000007000
100060005240000080000401000508000000001802940002007000000210007600005003000000500
679010000050000300040500000008050603300007500005000900006400008090030040000000706
090830016000001009006000570000068900400000000200090005600000001080000300915200000
030000000000020006060000389000500100642700000500030400000349000000600000300000017
010000500082170000000005002008050000204000030090007406006780000000004000005006900
000000080407000100080004900010000530209010060006007800000500008030000700005806009
004000006970500800600208004010300000500000000208607000050920000000016400080000900
700102000000000040010004003057000812403000090020000000600300001004700060270600005
050000001070593020000080000030000590000000204001000000380950000600040000200010708
000008073601070000004006009007000020020300705009800000003100900000900008400000200
040260050200800600070009000090000000800092004014003700000600907003010806000000000
000000020760000904300009700003650040000004090040000370000000816002000000800107000
000400000706001400000607853280000040005002300000510080407000160010004070800000000
010050000408090000000007060905000102130000049000010070080006200020900000009004000
008020610700000080036010007500400700004962000000000000001008564000000970300000000
087009000300800007600000000000200060000091008050064090000480200000002100209500004
200400087700608000090700600052000000004150030060000905000000200400070000000080340
006019070007600059000200400800005010003090807090080000670800000000006040030000000
000000040090003002500140090000300060720000000003690000300060200009021005000000087
000000008400010000003070500000000000084062070070000086010409600060008390000026010
000060400000008206300000091905040000003010000000003740000000870061000009000004000
960000000000000002051400067300070000500040001010000750000200003002006900070005010
005012000000060000040009020002000400000325070050007010000000000000001804073240900
000000059307204000020080040000090600460015000000000030086400907000000000100008300
000700150030054000000003000005000000920000040000619300060008200100400009350000008
193400007400000020002000010500020063600300000000060190000950000007030000080070200
000002003000130860200060000002000004800070501005089070980010007003095100000000000
420000507600070090000580003000000001100050042000090700000400000509100000013000000
009400000000809017070060080600000030305900000700100500008020000000000120500001400
000006015700820004004003000020000090507000008900300400009030080050004700002009000
000048900204006013500300000001020040400000050000000700000000009060010030092703000
009600050000000400070030009000780065000500140100006000200059001001400070000000300
000602000000000002000704000009500063300000008200901070050000000140006700002000501
200305060040709080000000100060000409000600005800072010000001000007504000020000003
000070000007000501080504000040000000600001000035000480000480090900005000000020856
054300600700800090000040000000600307200030050500700100000080740003000000001004008
000100900070000030040026070006090500000001020500003700700000004010004009008000310
070000000360000000040300720500100000710005000000028900000040006020000300000006801
003050002470003500009000060080000030024000080000102000905007003000900000102000400
000000061009050030300009070006004007508700400030000080000060300001008002080010000
006200007000005104800000035008700200020000060900002000000408050003000000007010003
005000060401000000006530070000008047000020100000047008070906002010002004000010009
780000200306802000050000040000003800000610000060007009000904005000100003030050401
000000002800090000000070801070013090203000040400065007040000020500000710090040600
090000306280070000005009000600007400030056008000080030000800013006000072001000000
305400060160002000007001003000090000008024600610000005000000009050070200000600070
000003092500048070806000400000001050090006000100580000000000040000000900001925006
060000000700015000005400080000390070090078400400520900000000010200607305048000000
002060010009050078500003000000084006001300800300000020600400789004609000000000000
056010000000006090000080015700008000060090020900005800001400007000000009643100000
098000003000000700007400002000000015000800600130706900060030000804002000200108000
003000020000792080970000060020506100000300200700010046000400300000067000010000000
040000032860003407030420900007010800000600000000070000609000080370900600120000003
000009000093087000050004010004000005000700930000010700605000000407500008080600070
000023001600000070040070093500030600702560000060802000000201009009700080078000000
000630000500000601010000024040020058000007000001040700004000100900003000072000085
045006070008005003700003004000009001000540600082000000017000000009001028000000030
000790604001080009000000000280905040056000307007800000070030005420010000005040000
000003900005004060008020503006000000083150007000800030020040609000001000700000040
000016000460005080032080100000200510000700004070030900000000005207000000080000096
000200060075400030084000000000009000003000150700600920400906000009020008000000003
000506904001000000600008500009000281306400000000009600500980000000300005020100000
090200010067000000820097506070130008000084000010970000000005007052000040000800000
005000820800709000070000000600000000200040030400200106040100063008070040301000200
060030002000007060003005000000300010406020080800000070008000000000100039047000805
100078000380050000004600500000000300000000078790080060006000200000400613409000000
902400016050071000060000000008000500005230600000050020000520008000006000400009300
500800020000640000067910000801000390000000000700000806900087010008006000002500000
080310002000000000105040000209034000300007201000100000030500960000800074500000000
020005000000089023000000700008790000000100365100000000000001000000050980843000057
000008300005600890060000000007900000000000908308542000000800010020000604000305000
002706000000000009013050000400007001600312900000000006050060018006800000070009000
600042000000008000085076240003000009760080001000090000030010020028000090000400100
003006007200700000401098000300040000040200098000100006600007200000001300700000004
000007800008000001096010700100600400060000000050840009000500002801000000070309008
900030500580090100000000030002700840800004960000100000006080000040000080000000692
050380060000900040407000000060000005000830029003409000020007100008020000900000000
030700050006510000009000830004000000000000071560000040000060903090050000608200500
200000080300000040750140300000005060010094000000030100000000007003902006900000504
000008059000950040001000000000060008000100490086000007204000000600002003500803000
000036000001000030300000874030010020000040000000790386008070000040008100050000940
000023000906007003310800002049060000000000024000005006502090080000000000000630700
000001708002090050009800000058000100000000207200904000000023680000100000306050000
400205008036000000000760000360082000050000003000010900000000051007000200102400000
640000000000009200508002000305600800000578000900000600000027096000100002001004070
000002040009000050000800002004030016003000720090025000010043000307000009000600000
009000705300000819002700000500000000240018000070040003000009080000030000603105000
200000070658071000000060009000005000081002950004080000017008400000000801000000020
000003000000007048162008000608000300020500000000000809410900000090000067000602001
000020073205040006000003400170000000040006780000890000850000000000000600902050100
209000007103002000060000000706030050030080020000000900080017005002003009050800010
000060037300000000010200500080603040000047000000010600000000052009800000704100080
507000014200040050908000607081092000700000000000031000000000900070610000602070001
008900000004005709000040500000000402301000080700200100100090060003000000500600003
096050070800000000000600300900108005005003021000070000000005008020000007480030100
050000008002700006400001002040600015067050090000000000070090000000360040009000200
800304060000000000106920008900075000420000000080000000600400000000000054007006182
000200900000047030000005100007010005000000040400039020000000000743800600109002007
000200000002010340009000580090160000040002703000004006100007835907000000008040000
005608002000102040024000000801000007000070010790050300000004058143000000000700000
070005000000000006200670090040060800080504209000200430027000080060003015001900000
000000300010086020000005410130600009600079000050800000540000000000900280008301000
000004006503000020007000400600300807020008031090500060000800000930010000006203000
800000519000000000700053080006000250200860000004015300042080000000007903000040000
000850000030000007207094000054000003003009080080600200040900000009005008060080300
000040009709010080413200000000000002900060100100003540000400007006000020000008390
000001300039400070020000000100700240000156800700000000680000000003009480000080050
780900000000700000401005002090600107000003050000001006500049020000200060900050003
000052730090860000000300001004000208023009040000007600068020000970000000002000100
900000010267000809000000600001000072400950000800000900006200003008100000050004006
000005030002080000080009020100000000037000060000004280000018903700020050000900070
010320086000010000200005000406200000000000070009170408060008910000040702000900060
000000000001905004007000300800020006079100008040500209006002000000070060102000050
000020043005060190004001000040007900050306800907210000000000018079000060000700000
000000500500007068002000090030090001040002030600010200480060000900005300060900050
000067100000530600039001000021804000004000000063000800900000708050000009200059000
482000003609300048000000060800900007000050000000740020000060000030002500970000800
005002480000000500740650003002860901006000008000700000050080000004007000010040629
010009000000030028900400010073000000100024000006800050005040000201000003000075000
400002008009870050000000730201050070000000000030000462900400000000021000007900600
000700048300100200009500001000032000064008000007000900000000079500200000706000300
006007004100860025090000000050000300300070090000680007009700002600050030000001060
970000000010020000600003102300600009800300700060940010700080000000007800000006305
500070006970400000300000100002000000000040030408260007000000960000810002063000000
000000095900306000010090803004030008600970000050080100005000000000007004300000070
900050010000001002060320804004000009600907000002003670010000000700000086009500000
000000150400000000050748000090600040008000900070500010000105200021030800300000000
003010000000630870000005900150000007408700000000000100000250006062000040340800020
500900600032070000700400030000610400800000000050809100468002000003000010000000002
000204700008000020900100000700000900000903002050407031000000150640300007002700400
000490070080000020001000400038710900090000000000080007605000004200603000000500100
000020000800000009002013084020000030007000400006300901900030000400002700008750090
000104007000000000000000415800000002070200000004370190700050009041006300060000050
300400070000700006400020003750000000004300060020000109000071000090008500100504000
300000002070000005000016700730009500000000030401000000000200060000760004014050080
020060000800000009500083700005000300000100948004037500061000000050200083000000000
000057030000600947060030010608400072302000500090020100030000000800316000000008000
000300000000025408600004030000530714080019500000000300000900006097000005000257000
670050001002004709309000000007530000000019006000000200000100000026000800000820095
090000070005700000002010050800000600103000204400000090000072040001408000070050100
009005007100000000420000083600000000205460000000030806090800000000004609000750020
350070100020080000000400002000000006900200800100009203007600030580700060009000500
086500007000020000000109043008000060429000000000204010930000000000000200060008050
400003900000801070902060000240000000000000503015080000008000706050406000090100000
000000657000200000800097100010305060070000000000000800500000000200813040039040000
006740500800000030030006700005028004000070000003509670001205009008000000020060050
706409000005000000300000071040008000003000540010005900000907060000860790000030000
600008020200600000907005040709300000850047001000000000000000584000000300400100006
093420800006500009087600000030040000000009120008000003000900260040000050070003000
000070410804000500000085009500608000210000000000000360060300090350001070407000000
010000000000620000090008403060000800000004321040270000300005602009400000400300000
639010000000000000050002010008000004300180050000400730000000280097000600500960000
046500000108060004009000000000140307001003050000020000300050200060800400000074690
060005740500000008904000060000020050030008000140090080080700003000030005001800090
002090006000130800100200700050800000000609004900070000000004000005060007004003019
470008900000000400000600000900002040003000002600083079000800500800704060206090000
000000000060400051010090004007000000300008060940003000400500800630002040529000003
000001000900000620001053008040600910000000000003000052007008000100005007000040000
600090800000006470000540000049200506007050000200100000032000005000971003700000000
073800400016020000000070000000000005180900060000600900027301000068090700000006300
007034000005000243000000000000000072000007000300500608003029100904700005100000800
500028000093000000870000910008001009000000300100080020000260000006010050050009802
007050000080070490200039600000001960001062030002700000046000000300000040008000720
000750020020000900007900000004000060006039401090000700010000200070063000000001050
005800009002000784060200000050031000001006000300040060000000930008059000000000072
009020001345700000000600900960503000503001002000070009000000600000902007400050000
508000976600010000000000004007309010000060000090000300000500000830941005060000090
800000020029000004040800005100004007300010000002500006007100300600072000000300050
001000008000006504030000007004000000015098000000002600097600000100950080008040703
000013000002050016360000004000000059600000803050830000100080490780000200020000000
003000007900050130008067000800009040509030000000000300001080004000000760200400801
000000900500000010100042006000094000230080009070000200600010007080300500001009024
600090003070600510000054000520000000003019280000080004001000400090000001407000009
007000603900050000008032000000020504200000700010003000509000021000004000040006890
002060000000000804050009001000005000008090200030000906400000002006080003807150000
000090700003000008814003050000000020000008600080000071059700000700025010002480000
300200065900500000020380001107000000200000010004070209001908302080002000000005070
007000400000000000030005608890000005000082000300400000010704502200800300004010060
040005002020060091100000000060009000000000068004028900301200050000000000008170040
600200000000000820090080005040005006023000970007000040200010000009003400001000060
000000007080102000410075000892040000300000000000000028704900006500603010000000009
000080040006001905010000000024000060500006700069107008000070050000300004050000609
009100300000405096300000040000000009904200080006070005071000000020050700000000603
030000050005009800014070009200005403050100000008430100000000070182000000009000002
071064020000000470300000000403200009008005000062800000000190560009076002020000000
830002001000075000000000209300000005000309000079020600500180000040000306900000400
486000000009000040000002001000208090002007003350900600000000708020081000500000000
002000000050108000004700000406000300730006008500300047000005760000687400000030020
000209030402060000000400080000000000300090004090008107000000070108304900075000200
000005000034270000070640090600300009010000063050000007001030000006510000340709100
700000200000070100045090007000200030090006400008000570070009020000008000509041000
009570200600000000040210590004050100000003700307000800000090000000400900060002001
060000400000520100093000070020030060100050000007906000000600090000040508080000000
000900000000640500004007000500032000000180060000400009809001000100000090040500720
000030054026100309000500000304090072760023000000000800402067000070000400090000000
000002050087000042000006000900005800000000090400860007600000000023000009005000124
100000000020030500800010072790500014000004000000180005009402030000300607006000000
006300800000100000030654190200907000000000000607003950050208001000000000029000070
009100040100000000703460000000007305000500106026000400005000000400000087930040501
090000010200380500005020008059700000004200000600800000020090300060040002100070000
020058603000030802040000007008007009001003000030000408200500000610040000000006000
000300000500420800308006000004002000000001580000680023050000072070100609090000000
007000409090000100060300005020530000004120000000608050000000580800006710002000000
010080009000009410009000008790000320000007004800001095000040200070003000604028000
008016004006900000000000100840600907000001002603000008900000400260000090700030000
300906050006700900080000003500600032000008000001025000000000705068000010900001000
800000105006800030109050600000009001002308000500200804000000012007000008000002000
400900000070000019802000003040031000030700500500006700009050020000000005100602080
306801500500000040010000000000000002000169800008002095400000000089700000000043006
000000008703001000600500004000003640010000000080740000070605009900000050004000037
000005001006000700012000004060020500005708030009050100000047090780001000000000300
000100000250090300003068000038000200605080400000007030070000020000500007004600000
070092046056070900000000008580000070000000030000001082008006000004100000000204060
000001005000072000800300020020037000070009100000000006039100200000000038080600090
830000050009000006000904203000010060400560000603000017005043008021000700004000000
090020800650000092000070000400050920003000710000310000000003007804002000070000600
000002000600000093030058470020071059097030800000000730000005000503060000000000020
003008000040300200200000670500001060000000090002040700006004100710290400050000000
000309070091000000020068000070800309400000700038000000000010960000003402004050080
400200067009010200000000040000070003086300000700002008000740010670800300003000000
000040030015000070000080000204078600000200000500006000430000900006100750009600800
000900043007000205400200000290000000004000002000650001705003000010040030000060008
000310800001007000004600020400200000023900560010035000000582070090000080002000000
100002430002600500063100900000500200006020005000070000710906000005000081004000000
108900000000007320009002100000000040080700000040020081435000000000001006760409000
003004001000100900000000073001090406042010009700000300050007090080400200010860000
000060080000090004001000005009007300002405900010300000060900708005000020097000000
000008003006309000001060000000000765100000000009570030000040090900000078470020000
009070050060000380020019000000460003600001000007000910900000162000950000000000007
010000040409730100050900002001540000020000500960208000000067009000000003200000000
090700030500004067100500900619020000200000000005409006000005040080600000000002000
000000000140200000030000520400807061089000204000000008000640007090003680010009000
000005006200300051800020000000070003090200060005600000000000074602000100104000605
000000000001040360020060040700586030009000000003004085607100059500000010000000000
008090005040600000060035080700008060196000700050000200400001090083060501000000020
090000700006079001000034900030040502000002307080000000070800006500000000040093000
007000900008004006000006000019000007076020580000670000000143060000500100490000020
050462003030100000000000070301008000070000005005090000000000000003050290820070034
000003010000050608070600000004060000020010080086500000400002000100800063008700020
030004200000730000000061800407000010000509400005000000004200508060000100700000040
400008030000070000000491500005007080019000000340200007000000050061004000000826000
050004000200305600900200010017000080560000400000600100000100502700000090090503060
076050000405010000000000307034500070002901800010000000000000002003702001500009080
860004300070050000012007000000000800950000130000000007705600000000200000600308704
000090006000000000905080021001000000090500200500326000600003000040007608070009503
040030900690070140000010070008000600700090350009000000000000000070260001000308002
209740006005000740000050100004013009008206300006800000000000600090000010800000030
050600030000000620600000001000703000709100000104250000310070008002400160000520000
000000000000089040000000601060010395040050700800000000610004000030006020400000010
050000780040000200800060003130809500000000060090003010000001897000700000900020000
000609120097100000000000000900004650480000003000006001050000700200401590001000000
200100060400000008030000520005070800006090030000001007000280900020000000007405001
290840000015000092600000000904020067000004030060090001000300010400000009000001000
090000301000190500706000000000600470000500008002010000000000002570036000034000100
000000700005000360200090005007053046004080000500010000020004007000000010098000400
000009100280006009709003005300000640000080070006000000030401020000020400000905000
001280000038050020000000700000004036900002000002000018500003000040010000006700004
000093010000000006470000000300002004640000890008006000520000907090710200000000000
020000005306000000001903060009140800207000003080000010000089001003000948000070000
030000702000700000500200360000507600000630009000000020260005008100000000004308007
200305060034009000900700000000100603006008054020000080007650000080000000300000020
002030009600005040008004006010040085000700000700000000500000210049000608006100000
065000040003600000100000900000008002000400000408207105000380060030010000000000057
000000006000408900000070013001002000008306400043500000060130500000000320900005000
000057609490000070500002080020000000900010000000360000000090250000000003306700001
000000000000036002060000100000920400800000071037000050708400003306050000100008500
002000000600190023104000009060002380300000004000810007240000500800300006000005000
010280030000100090000000080800400000406002000009060302900000004000701000004000007
601000000007030000000000704010408090790003200000060001800500020064000378000000000
000000801070040000906830007040700006039200000800000000000300010100070059705000020
012090060009002000700500000204600901003000005901070802000014000490050006000800000
190000004000300750000894600080050070002000000001002406000000007720000090000010800
080004001903075000000060030800009700000000000000050240000300900700002010540001002
300900506006000000700205900000087060030040800400030205070450008000000051000006400
000800003000010700040002600009000080100408000800020031026000004070301000300000050
000067803000009500000000000000300640702040008600700000090005400000000002514080900
007068000006004018000009020005200041130000002004000000009007006600901050700000090
070000060403008000000000017800050200204000070700006000000020000025604000300007080
000800200659000107000700009090000004000420010400071500800000000071690000060040700
020000700903007001008000035070010600060008000000300018109063000000000020000005300
090020050000491060000800230000000000004070100000005090008200310200080000540000008
200000709010850000007000608600201000003006020000090040000035000000000500700009064
005000308000028000000300270060003009000005004072090080026001000094070000000000007
062109004040508090000000005005030000180005902390000070009000020000003000000010000
000640007050000006000000300301070000009450030020000000560000083900704061800005040
300700000000001086060020000700046000040030000620000309100000050005000003000008060
301000040000090600000201000500010000027000030000600087009130000400007900000080210
001670400020000050300001006070003000040009002000017004000000000014000809008300070
300001090080000050000000608153006007908420005400000000864097000090010000700000000
075060200600970000800014000058600000040009030002001400000795002000000604000000070
640000000200030000509020000004003005060008309000570010000094000002007000480600007
020000006400700000008020030004080000906010004070009025000000402000370001000500007
000000000610405300300207009760000100002003060080000570100000000000004800000059000
904060000000080006070000130000000000100608000046100580050800607000409018001000002
904000600605200070000005000100000298000000000090078400500080003037040000000100000
680102390010005000000000480000040900000860700048503000000008000209000007050010000
000013800080006030040000090230400007570000080800060000600050013000200000000090500
070008540006005200900040003060103007100009800500080000000000060003000000080020319
500000020000208370000030405036001004020600010001004500000000000047080009000100800
020070800000008074000300002085000009400009020070000340000060050030700010090200007
003016900000000600800000025008000000090000000500090701489002060020040390005060000
000080000030000047079000000300070200000040600210308000000060475400001030090000001
003080170400030050582000090008905003200400005090000000000704030000020807000000000
002800100000070008000403009000007530700030046500900000401000700000005000850200000
000084370000000060910000008061050000500040020400790000003600900100008000689000000
080040070005000008710000000000920000820700000001005040070500230900030100000170500
000600070859000000100058004001000026000000007000310000200835000000007000070000609
006000094000100000901000800600000200500060000170804000720006030400009060000000907
350000180900050000020000003001500030000903000080070000000060058006002000000040270
100600900008000000059000002702800000000020006030100008006004201000000700005090400
420030000087400059000000000000059000001000008300040720000007903500201004000000070
080050000200016000004900003005090078000004000906020300071000090000600000000070051
320001500000000000005900800200500700890003600070002080000000040700010000083460020
000500304900000500003000092398004005200003100004700060000100000070800000406000009
000000704703080200500406900105600000000020805020900000280000007009060400000000002
625000000009000000040502030002000700000350002000600910100060000030000097400100500
020000070000610000060053009400090500000074081200100000059700420000009300800000006
610200500008093000070001000060470100040060900700000000405000090000300002800029006
000700100060003900002050300004297000009800240001000030000000000000960050080020010
009000400030000009000000721900080204008000000041360000054600000300105000000009107
000050020050780040700060001008200100200007000100000900001070300804900007000600000
100095700005002040000004000002470000800603002090000070010000600500000001709000000
087006000100002600005000000000700304062008507900000068010000702000080005004300000
003800910040000000007520400000006000008109760060000040020700000000000098000008100
008000025000007003009000700800001064200080000504060200020000000000000090960050308
000650200000003050060702800000000008005040000070100009093817000000000000706000040
007000500600007310900001620000023071020046000090810000070000090000002040040030000
020000000600090010800570004090000270700060005000000000000006003001905800006410700
000800401031000028005000670000050016000003007800000300020047090000001004600000100
500900200010020580020000060000700030040068000009001000000090010705000600000040003
950000804000000000000003200032001000000054003700200090307000108200960030000000000
000100900700340000003000080000004000018050792060090005001400860500000000090000007
000090006000000000000060728390000080005410060000000000801009000000040900700103004
100600270080920100700000000200500009008000701090100400040208005000000340000000000
030100000608000010900070082800005600004000100000030700000200040703090000500300009
050206000600900400000000006000180900000000102000509074010005803327000000000600009
000087040000500000008004690900000750200400000007000300050000003010000800300906400
506020900070050000000000430609070000004000000003209007000000750000007219000300008
400350000003040790800009000000004032000600008241007000000000005030010020025000017
150000080006090000000005003000009305004000001002701000001000204049050000200106700
021006000800500000400803001080000005600000748000009030000000050000000200039040000
000720904000050082000800130200000500040208000700006000020000008600190200050000060